[[[ 0.5              0.5              0.             ]
  [ 0.1755766511785  0.3656194489677  0.             ]
  [ 0.0897902135516  0.5              0.             ]]

 [[ 0.5              0.5              0.             ]
  [ 0.1755766511785  0.3656194489677  0.             ]
  [ 0.3656194489677  0.1755766511785  0.             ]]

 [[ 0.5              0.5              0.             ]
  [ 0.3656194489677  0.1755766511785  0.             ]
  [ 0.5              0.0897902135516  0.             ]]

 [[ 0.               0.5              0.             ]
  [ 0.               0.4005438163102  0.             ]
  [ 0.0897902135516  0.5              0.             ]]

 [[ 0.               0.4005438163102  0.             ]
  [ 0.0897902135516  0.5              0.             ]
  [ 0.0897902135516  0.3826834323651  0.             ]]

 [[ 0.0897902135516  0.5              0.             ]
  [ 0.0897902135516  0.3826834323651  0.             ]
  [ 0.1755766511785  0.3656194489677  0.             ]]

 [[ 0.1755766511785  0.3656194489677  0.             ]
  [ 0.0634912688866  0.3191921634785  0.             ]
  [ 0.1269825377731  0.2928932188135  0.             ]]

 [[ 0.1755766511785  0.3656194489677  0.             ]
  [ 0.1269825377731  0.2928932188135  0.             ]
  [ 0.3656194489677  0.1755766511785  0.             ]]

 [[ 0.3656194489677  0.1755766511785  0.             ]
  [ 0.1269825377731  0.2928932188135  0.             ]
  [ 0.2928932188135  0.1269825377731  0.             ]]

 [[ 0.3656194489677  0.1755766511785  0.             ]
  [ 0.2928932188135  0.1269825377731  0.             ]
  [ 0.3191921634785  0.0634912688866  0.             ]]

 [[ 0.3656194489677  0.1755766511785  0.             ]
  [ 0.5              0.0897902135516  0.             ]
  [ 0.3826834323651  0.0897902135516  0.             ]]

 [[ 0.5              0.0897902135516  0.             ]
  [ 0.3826834323651  0.0897902135516  0.             ]
  [ 0.4005438163102  0.               0.             ]]

 [[ 0.5              0.0897902135516  0.             ]
  [ 0.4005438163102  0.               0.             ]
  [ 0.5              0.               0.             ]]

 [[ 0.1755766511785  0.3656194489677  0.             ]
  [ 0.1269825377731  0.2928932188135  0.             ]
  [ 0.               0.2928932188135  0.             ]]

 [[ 0.1269825377731  0.2928932188135  0.             ]
  [ 0.2928932188135  0.1269825377731  0.             ]
  [ 0.0761204674887  0.2167727513247  0.             ]]

 [[ 0.0761204674887  0.2167727513247  0.             ]
  [ 0.2167727513247  0.0761204674887  0.             ]
  [ 0.2928932188135  0.1269825377731  0.             ]]

 [[ 0.2928932188135  0.1269825377731  0.             ]
  [ 0.3191921634785  0.0634912688866  0.             ]
  [ 0.2928932188135  0.               0.             ]]

 [[-0.5              0.5              0.             ]
  [-0.0372297479912  0.3106756913238  0.             ]
  [-0.1140393828234  0.2421093605244  0.             ]]

 [[-0.0372297479912  0.3106756913238  0.             ]
  [-0.1140393828234  0.2421093605244  0.             ]
  [ 0.               0.2928932188135  0.             ]]

 [[-0.1140393828234  0.2421093605244  0.             ]
  [ 0.               0.2928932188135  0.             ]
  [ 0.               0.1659106810404  0.             ]]

 [[ 0.0761204674887  0.2167727513247  0.             ]
  [ 0.               0.1659106810404  0.             ]
  [ 0.2167727513247  0.0761204674887  0.             ]]

 [[ 0.2167727513247  0.0761204674887  0.             ]
  [ 0.               0.1659106810404  0.             ]
  [ 0.1659106810404  0.               0.             ]]

 [[ 0.1659106810404  0.               0.             ]
  [ 0.2928932188135  0.               0.             ]
  [ 0.2421093605244 -0.1140393828234  0.             ]]

 [[ 0.2928932188135  0.               0.             ]
  [ 0.2421093605244 -0.1140393828234  0.             ]
  [ 0.3106756913238 -0.0372297479912  0.             ]]

 [[ 0.3106756913238 -0.0372297479912  0.             ]
  [ 0.2421093605244 -0.1140393828234  0.             ]
  [ 0.429684741639  -0.3947657791337  0.             ]]

 [[ 0.3106756913238 -0.0372297479912  0.             ]
  [ 0.4458803899854 -0.3693437035124  0.             ]
  [ 0.429684741639  -0.3947657791337  0.             ]]

 [[ 0.4458803899854 -0.3693437035124  0.             ]
  [ 0.429684741639  -0.3947657791337  0.             ]
  [ 0.5             -0.5              0.             ]]

 [[-0.1140393828234  0.2421093605244  0.             ]
  [-0.1464466094067  0.1464466094067  0.             ]
  [-0.5              0.5              0.             ]]

 [[-0.1140393828234  0.2421093605244  0.             ]
  [-0.1464466094067  0.1464466094067  0.             ]
  [ 0.               0.1659106810404  0.             ]]

 [[-0.1464466094067  0.1464466094067  0.             ]
  [ 0.               0.1659106810404  0.             ]
  [ 0.               0.               0.             ]]

 [[ 0.               0.1659106810404  0.             ]
  [ 0.               0.               0.             ]
  [ 0.1659106810404  0.               0.             ]]

 [[ 0.               0.               0.             ]
  [ 0.1659106810404  0.               0.             ]
  [ 0.1464466094067 -0.1464466094067  0.             ]]

 [[ 0.1659106810404  0.               0.             ]
  [ 0.1464466094067 -0.1464466094067  0.             ]
  [ 0.2421093605244 -0.1140393828234  0.             ]]

 [[ 0.1464466094067 -0.1464466094067  0.             ]
  [ 0.2421093605244 -0.1140393828234  0.             ]
  [ 0.4             -0.4              0.             ]]

 [[ 0.2421093605244 -0.1140393828234  0.             ]
  [ 0.4             -0.4              0.             ]
  [ 0.429684741639  -0.3947657791337  0.             ]]

 [[ 0.4             -0.4              0.             ]
  [ 0.429684741639  -0.3947657791337  0.             ]
  [ 0.5             -0.5              0.             ]]]